35485
35713
35733
35737
35738
35782
35783
35813
35814
35857
35874
35998
36005
36008
36034
36035
36047
36064
36065
36769
36808
36941
37100
37124
37131
37143
37144
37145
37241
37250
37251
37252
37254
37255
37256
37325
37338
37339
37340
37366
37368
37371
37396
37397
37455
37473
37536
37548
37558
37759
37763
37764
37889
37906
37971
38003
38014
38042
38054
38074
38076
38077
38079
38106
38109
38111
38188
38277
38278
38280
38282
38375
38455
38456
38530
38567
38568
38569
38601
38843
38855
39018
39020
39051
39251
39254
39259
39266
39269
39271
39272
39273
39275
39276
39336
39341
39343
39374
39413
