172302
172337
172515
172516
172541
172565
172780
173029
173031
173114
173192
173199
173233
173261
173421
173618
173622
173623
173624
173625
173628
173695
173718
173737
173846
173861
173891
173893
173922
173926
173927
174073
174083
174084
174220
174246
174285
174410
174428
174454
174456
174471
174589
174593
174618
174641
174736
174746
174749
174751
174752
174753
174780
174961
174969
174981
174982
175043
175047
175048
175049
175050
175052
175054
175195
175286
175297
175302
175304
175305
175306
175308
175309
175312
175313
175314
175315
175429
175431
175432
175433
175441
175442
175445
175446
175534
175549
175554
175555
175556
175560
175561
175564
175571
175588
175621
175623
175626
175631
175668
175690
175716
175874
175885
175983
176109
176110
176111
176226
176227
176371
176373
176375
176377
176378
176389
176397
176408
